      0/54     9.86G   0.07941    0.5693         0    0.6487         0       640  0.001167   0.03205 0.0001308 3.454e-05    0.1058   0.01874         0
      1/54     10.9G    0.0743  0.009462         0   0.08377         0       640    0.3943    0.2179    0.1932     0.046    0.0861  0.007941         0
      2/54     10.9G   0.05655  0.004759         0   0.06131         5       640    0.6284    0.7372    0.6534    0.3006   0.07476   0.00553         0
      3/54     10.9G    0.0471  0.003708         0   0.05081         2       640    0.8624    0.7234    0.8274    0.4726   0.06428  0.005323         0
      4/54     10.9G   0.04166  0.003356         0   0.04501         1       640    0.8823    0.7691    0.8534    0.4449   0.06171  0.004922         0
      5/54     10.9G   0.04157  0.003096         0   0.04467         0       640    0.8662    0.8715    0.9065    0.4821   0.05923  0.004501         0
      6/54     10.9G   0.04078   0.00299         0   0.04378         1       640    0.9191    0.8013    0.8951    0.4965   0.06075  0.004382         0
      7/54     10.9G   0.04016  0.003117         0   0.04328         4       640    0.8871    0.8077    0.8874    0.4636   0.05865   0.00437         0
      8/54     10.9G   0.03937  0.003019         0   0.04239         1       640     0.812    0.7753    0.8479    0.4515   0.05928  0.004361         0
      9/54     10.9G   0.04033  0.003162         0   0.04349         0       640    0.8665    0.7564    0.8555    0.4485   0.05953  0.004909         0
     10/54     10.9G   0.04061  0.003113         0   0.04372         3       640    0.7773    0.7608    0.7781    0.3835   0.06222  0.005303         0
     11/54     10.9G   0.03777  0.003266         0   0.04103         2       640     0.866    0.7885    0.8465    0.4598   0.05604  0.004739         0
     12/54     10.9G   0.03787  0.003173         0   0.04104         4       640    0.9117    0.7946    0.8752    0.4774   0.05733  0.004408         0
     13/54     10.9G   0.03495  0.003043         0   0.03799         1       640    0.8589    0.8587    0.8638    0.4975   0.05345  0.004345         0
     14/54     10.9G   0.03437   0.00294         0   0.03731         4       640    0.9014    0.8333    0.9079    0.5255   0.05208  0.004387         0
     15/54     10.9G   0.03351   0.00301         0   0.03652         1       640    0.8801    0.8013    0.8858     0.526   0.05143  0.004274         0
     16/54     10.9G   0.03328  0.002836         0   0.03612         2       640    0.8263    0.8845    0.8687    0.5156   0.05214  0.004191         0
     17/54     10.9G   0.03191  0.002805         0   0.03472         2       640    0.8827    0.9167    0.9302    0.5481    0.0512  0.004233         0
     18/54     10.9G   0.03254  0.002864         0    0.0354         3       640    0.8656    0.8718    0.8677     0.484   0.05161   0.00454         0
     19/54     10.9G   0.03097  0.002795         0   0.03377         2       640    0.8796     0.891    0.9158    0.5326   0.05028  0.004313         0
     20/54     10.9G   0.03126  0.002726         0   0.03399         0       640     0.915    0.8974    0.9277    0.5572   0.04972  0.004164         0
     21/54     10.9G   0.03042  0.002732         0   0.03315         3       640    0.8343    0.8397    0.8867    0.5196   0.04999  0.004643         0
     22/54     10.9G   0.02963  0.002754         0   0.03238         5       640    0.9252    0.8718    0.9316    0.5555   0.04826  0.004207         0
     23/54     10.9G   0.02883  0.002728         0   0.03155         0       640    0.9231    0.9229    0.9515    0.5804   0.04695  0.004255         0
     24/54     10.9G   0.02924  0.002659         0    0.0319         2       640    0.9379    0.8715    0.9144    0.5516   0.04672  0.004378         0
     25/54     10.9G   0.02869  0.002609         0    0.0313         1       640    0.9138    0.8846    0.9296    0.5669     0.047  0.004328         0
     26/54     10.9G   0.02787  0.002661         0   0.03053         2       640    0.9139    0.8844    0.9449    0.5689   0.04592  0.004305         0
     27/54     10.9G    0.0274  0.002628         0   0.03003         2       640    0.9462    0.9038    0.9488    0.5682   0.04631  0.004226         0
     28/54     10.9G    0.0269    0.0027         0    0.0296         4       640    0.9252    0.8716    0.9415    0.5704   0.04545  0.004301         0
     29/54     10.9G   0.02648  0.002698         0   0.02918         2       640     0.972    0.8909    0.9501    0.5774   0.04533   0.00421         0
     30/54     10.9G   0.02615  0.002532         0   0.02868         4       640    0.9267     0.891    0.9329    0.5812   0.04464  0.004156         0
     31/54     10.9G    0.0254  0.002522         0   0.02792         4       640    0.8812    0.9038    0.9187    0.5435    0.0452  0.004248         0
     32/54     10.9G   0.02547  0.002539         0   0.02801         2       640    0.9254    0.8846     0.926    0.5574    0.0455   0.00419         0
     33/54     10.9G   0.02424  0.002597         0   0.02684         0       640     0.951    0.8718    0.9427    0.5649   0.04485  0.004209         0
     34/54     10.9G   0.02387  0.002522         0   0.02639         0       640    0.9338    0.9035    0.9448    0.5926   0.04405   0.00412         0
     35/54     10.9G   0.02434  0.002477         0   0.02682         2       640     0.915    0.8974    0.9204    0.5672   0.04467  0.004243         0
     36/54     10.9G   0.02347  0.002406         0   0.02587         1       640    0.9205    0.8907    0.9171    0.5715   0.04445  0.004268         0
     37/54     10.9G   0.02375  0.002512         0   0.02626         7       640    0.9032    0.8972    0.9264    0.5961   0.04392  0.004246         0
     38/54     10.9G   0.02272   0.00255         0   0.02527         1       640    0.8937    0.9167    0.9422    0.5697   0.04392  0.004155         0
     39/54     10.9G   0.02282  0.002447         0   0.02526         1       640    0.9091    0.8972    0.9317    0.5814   0.04364  0.004176         0
     40/54     10.9G   0.02263  0.002401         0   0.02503         0       640    0.9376    0.8718    0.9287    0.5823   0.04351  0.004224         0
     41/54     10.9G   0.02194  0.002345         0   0.02429         1       640    0.9127    0.8713    0.9091    0.5663   0.04359  0.004258         0
     42/54     10.9G   0.02195  0.002458         0   0.02441         3       640    0.9161    0.9103    0.9282    0.5655   0.04394  0.004271         0
     43/54     10.9G    0.0217  0.002379         0   0.02408         6       640    0.9161    0.9102    0.9355    0.5747   0.04367  0.004204         0
     44/54     10.9G   0.02144   0.00234         0   0.02378         1       640     0.952     0.891    0.9512    0.5712   0.04364  0.004226         0
     45/54     10.9G   0.02099  0.002314         0   0.02331         3       640    0.9205     0.891    0.9301    0.5705   0.04368  0.004191         0
     46/54     10.9G   0.02071  0.002374         0   0.02308         1       640     0.952    0.8908    0.9329    0.5632   0.04335  0.004129         0
     47/54     10.9G   0.02058  0.002414         0   0.02299         2       640     0.905    0.9167    0.9232    0.5621   0.04337   0.00422         0
     48/54     10.9G   0.02041  0.002287         0    0.0227         0       640    0.9161    0.9103    0.9398    0.5684   0.04339  0.004178         0
     49/54     10.9G   0.02041  0.002313         0   0.02272         3       640       0.9    0.9231    0.9168    0.5595   0.04325  0.004146         0
     50/54     10.9G   0.01983  0.002218         0   0.02205         1       640      0.94    0.9034    0.9325    0.5819    0.0429  0.004096         0
     51/54     10.9G   0.02011  0.002306         0   0.02241         1       640    0.9404      0.91    0.9436    0.5557   0.04323  0.004192         0
     52/54     10.9G   0.01969  0.002277         0   0.02197         4       640     0.947    0.9165    0.9352    0.5618   0.04314  0.004198         0
     53/54     10.9G   0.01947  0.002203         0   0.02168         1       640    0.9466    0.9167     0.946    0.5754   0.04284  0.004182         0
     54/54     10.9G    0.0193  0.002259         0   0.02156         1       640    0.9161    0.9103    0.9241    0.5751   0.04286  0.004204         0
